init,final,1,x,y
1.0,0.0,1.0,-50.0,0.0
1.0,1.0,1.0,-50.0,1.0
1.0,2.0,1.0,-49.0,2.0
1.0,3.0,1.0,-47.0,3.0
1.0,4.0,1.0,-44.0,4.0
1.0,5.0,1.0,-40.0,5.0
1.0,6.0,1.0,-35.0,6.0
1.0,7.0,1.0,-29.0,7.0
1.0,8.0,1.0,-22.0,8.0
1.0,9.0,1.0,-14.0,9.0
1.0,10.0,1.0,-5.0,10.0
1.0,11.0,1.0,5.0,11.0
1.0,0.0,1.0,-50.0,1.0
1.0,1.0,1.0,-49.0,2.0
1.0,2.0,1.0,-47.0,3.0
1.0,3.0,1.0,-44.0,4.0
1.0,4.0,1.0,-40.0,5.0
1.0,5.0,1.0,-35.0,6.0
1.0,6.0,1.0,-29.0,7.0
1.0,7.0,1.0,-22.0,8.0
1.0,8.0,1.0,-14.0,9.0
1.0,9.0,1.0,-5.0,10.0
1.0,10.0,1.0,5.0,11.0
